2016 01 01 10 05
2016 01 02 12 30
2016 01 02 14 48
2016 01 09 06 28
2016 01 15 04 39
2016 01 15 06 46
2016 01 18 23 38
2016 01 26 15 01
2016 01 27 09 53
2016 01 28 22 03
2016 02 08 19 50
2016 02 08 21 17
2016 02 11 11 04
2016 02 12 11 22
2016 02 13 01 03
2016 02 20 23 55
2016 02 26 09 36
2016 02 27 19 59
2016 02 28 05 04
2016 02 28 19 27
2016 03 04 08 23
2016 03 08 11 03
2016 03 09 09 34
2016 03 10 11 00
2016 03 10 13 51
2016 03 14 22 56
2016 03 26 20 17
2016 03 27 18 12
2016 04 04 21 45
2016 04 05 04 08
2016 04 06 18 29
2016 04 13 19 21
2016 04 16 17 35
2016 04 17 22 20
2016 04 21 05 37
2016 04 26 19 51
2016 04 28 20 09
2016 05 08 19 03
2016 05 09 09 41
2016 05 17 02 47
2016 05 21 01 40
2016 06 01 00 19
2016 06 01 02 05
2016 06 13 16 59
2016 06 16 15 29
2016 06 22 23 09
2016 06 27 04 56
2016 06 28 21 26
2016 07 02 01 43
2016 07 04 03 58
2016 07 06 13 20
2016 07 09 20 25
2016 07 22 01 38
2016 07 23 07 38
2016 07 23 19 01
2016 08 10 09 53
2016 08 11 08 38
2016 08 22 08 30
2016 09 01 14 15
2016 09 04 20 46
2016 09 07 14 05
2016 09 09 02 21
2016 09 16 02 12
2016 09 19 03 51
2016 09 21 21 21
2016 09 26 16 51
2016 09 27 00 03
2016 10 07 01 32
2016 10 11 18 48
2016 10 15 02 03
2016 10 15 12 47
2016 10 19 08 53
2016 10 21 06 37
2016 10 22 05 15
2016 10 28 01 32
2016 11 01 20 43
2016 11 02 16 11
2016 11 02 18 28
2016 11 03 01 25
2016 11 10 22 40
2016 11 11 01 59
2016 11 12 16 42
2016 11 18 08 49
2016 11 20 23 26
2016 11 21 07 07
2016 11 23 22 47
2016 11 24 22 30
2016 11 26 22 25
2016 12 01 10 27
2016 12 03 06 22
2016 12 07 18 10
2016 12 08 15 20
2016 12 09 02 08
2016 12 13 03 00
2016 12 15 13 47
2016 12 16 10 26
2016 12 17 20 57
2016 12 21 09 56
2016 12 24 09 28
2016 12 27 08 45
