2016 01 01 11 33
2016 01 02 06 21
2016 01 10 07 06
2016 01 14 11 46
2016 01 15 12 47
2016 01 16 18 15
2016 01 17 16 28
2016 01 22 11 03
2016 02 05 02 51
2016 02 05 03 14
2016 02 07 07 12
2016 02 09 08 02
2016 02 13 22 27
2016 02 14 07 15
2016 03 09 11 59
2016 03 12 14 32
2016 03 15 11 02
2016 03 18 22 16
2016 03 21 00 45
2016 03 24 07 30
2016 03 24 10 04
2016 03 24 14 04
2016 03 26 16 58
2016 03 27 13 53
2016 04 03 13 24
2016 04 05 00 44
2016 04 05 05 37
2016 04 11 11 27
2016 04 11 12 54
2016 04 16 09 27
2016 04 18 01 52
2016 04 18 05 52
2016 04 19 18 47
2016 04 24 23 01
2016 04 27 09 41
2016 05 02 14 42
2016 05 02 14 52
2016 05 12 15 21
2016 05 17 03 44
2016 05 22 11 42
2016 05 22 12 18
2016 06 01 08 24
2016 06 03 21 28
2016 06 06 03 10
2016 06 07 10 33
2016 06 08 10 40
2016 06 14 00 12
2016 06 15 05 22
2016 06 17 15 07
2016 06 23 14 50
2016 06 23 22 08
2016 06 28 14 18
2016 07 01 06 32
2016 07 02 14 15
2016 07 04 20 40
2016 07 10 07 08
2016 07 10 23 57
2016 07 17 15 14
2016 07 21 17 03
2016 07 23 14 36
2016 08 06 22 42
2016 08 18 05 18
2016 08 18 20 13
2016 08 24 07 01
2016 08 27 00 41
2016 09 04 10 25
2016 09 06 09 57
2016 09 09 10 53
2016 09 11 05 26
2016 09 16 10 27
2016 09 22 13 09
2016 09 27 07 52
2016 10 06 02 47
2016 10 12 02 24
2016 10 15 13 20
2016 10 24 18 50
2016 10 26 09 56
2016 11 04 08 40
2016 11 08 19 51
2016 11 12 22 17
2016 11 15 18 28
2016 11 16 21 30
2016 11 17 06 51
2016 11 19 18 44
2016 11 20 12 17
2016 11 23 07 51
2016 12 01 00 54
2016 12 03 00 26
2016 12 04 00 43
2016 12 04 13 24
2016 12 09 23 59
2016 12 10 17 47
2016 12 11 18 44
2016 12 12 10 32
2016 12 13 19 58
2016 12 14 21 11
2016 12 17 04 15
2016 12 19 09 58
2016 12 25 07 26
2016 12 26 21 06
